所有主成分的特征值：
13.659951045935163
0.7361035687739026
0.3127749023293385
0.14561776226144293
0.09522622824813412
0.039953143117238354
0.033749826221270866
0.021245161200313507
0.008901815112460338
0.004611580459510544
0.0038134016019243286
0.0030436172492640033
0.002211121088696294
0.0015889378517896942
0.00033231251268711414

所有主成分的贡献率：
0.906486048002425
0.048848463126586195
0.020756010338063135
0.009663319391661502
0.00631929404582419
0.0026513247879023615
0.0022396673669773017
0.001409847088828144
0.0005907320732121997
0.00030602842804702997
0.0002530605956017062
0.00020197704681660202
0.00014673188876057974
0.0001054432764031693
2.205254289085742e-05

所有主成分的累计贡献率：
0.906486048002425
0.9553345111290112
0.9760905214670744
0.985753840858736
0.9920731349045602
0.9947244596924625
0.9969641270594398
0.998373974148268
0.9989647062214803
0.9992707346495273
0.999523795245129
0.9997257722919456
0.9998725041807062
0.9999779474571093
1.0000000000000002

由大到小前十个贡献率：
0.906486048002425
0.048848463126586195
0.020756010338063135
0.009663319391661502
0.00631929404582419
0.0026513247879023615
0.0022396673669773017
0.001409847088828144
0.0005907320732121997
0.00030602842804702997

信息保留率 0.99 对应的主成分数：5

信息保留率 0.99 的特征值：
13.659951045935163
0.7361035687739026
0.3127749023293385
0.14561776226144293
0.09522622824813412

信息保留率 0.99 的贡献率：
0.906486048002425
0.048848463126586195
0.020756010338063135
0.009663319391661502
0.00631929404582419

信息保留率 0.99 的累计贡献率：
0.906486048002425
0.9553345111290112
0.9760905214670744
0.985753840858736
0.9920731349045602

信息保留率 99% 的主成分：
-3.3522902685433533 -0.7535352774530695 0.051614215170997006 -0.09964052747718043 -0.03292121811330756
-3.1614218759779793 -0.0933087872859336 -0.5887672644346602 -0.3737574075190052 -0.17625716806669958
-3.1956583360400006 -0.5247765179463532 0.02131041130485372 -0.15052228447890162 -0.08151297957241646
-3.825855801925491 -1.2551034629840963 0.06018201904917291 0.1921452209569012 0.019964719444447086
-3.8224362572316193 -1.2567805079629368 0.059188101712811574 0.19222280110276166 0.01988242034415841
-3.7250790941860075 -1.0384635703295604 -0.08137834299046838 0.11579105916497164 -0.002668205061573556
-3.769396926066522 -1.2260374276969015 0.14475613082372124 0.18760277734354944 0.021668623754006525
-3.7083336287388615 -1.171537906030158 0.2109488488089321 0.1801495090996872 0.025959663817492904
-3.6579685913500866 -1.1645779795261781 0.25278094951596136 0.1301258713859003 0.0005664946424129316
-3.5889904274307733 -1.1559928443808623 0.2602027976665156 0.15124081191579394 0.020410640737725614
-3.356806825460154 -0.6229274576294819 -0.10545076419928508 -0.16763279949272156 -0.07914201881639396
-3.3147208588647468 -0.6721539456980528 0.2420554357328883 0.10889673641635557 -0.0008275954311768838
-3.3625787019541034 -0.901178467197935 0.48908753211992867 0.22995959184378265 0.04679188337066151
-3.2920031455232945 -0.8932624898999884 0.49421933086393527 0.2823437562974259 0.08141166735127661
-3.175962626420478 -0.7803357492715446 0.5426220100030921 0.3151949669236878 0.08992570795823582
-3.824874404488243 -1.2555847690618713 0.059896768229527435 0.1921674861890139 0.01994109988882151
-3.8204734385960903 -1.2577431317715944 0.05861759316719089 0.19226733210606015 0.019835180661044147
-3.7497911871461054 -1.1736819769578137 0.09883374200029642 0.17973250498217366 0.021677526435216646
-3.678888765200488 -1.10871516668609 0.1323572647213817 0.20168867005181013 0.024263449278501718
-3.60042037330795 -1.0449403487658178 0.1923938448553167 0.20847939773836294 0.04430002144646562
-3.3746978012659286 -0.6443463364924761 -0.15454075355643654 -0.1423509245205777 -0.06898497023469369
-3.391543713740051 -0.803697233656854 0.13965328349128464 0.038067298065332114 -0.04642358172264707
-3.247181976495003 -0.7261669741832588 0.30164879795638383 0.2597614961446548 0.05102458597369944
-3.132577128853578 -0.6410808031986448 0.3811068260244978 0.2859596909529968 0.0583715437248479
-2.987514911752231 -0.5764730667187496 0.452839612416724 0.3523764956938763 0.06293832164825587
-2.900849394928705 -0.517378349981062 0.508227787505941 0.3249136310255034 0.06807389198417192
-2.730270969601221 -0.3165439539241644 0.6978519462915852 0.3288537872760319 0.0321706693855027
-3.823262116806418 -1.256375482213273 0.05942814423960279 0.1922040646006806 0.019902296528286876
-3.7236535860139224 -1.0391626813330153 -0.08179267805908126 0.11582340005880871 -0.002702513149497374
-3.6202752911938476 -0.9407079413474475 -0.00046019023570660026 0.09807261471533636 -0.011801492461350786
-3.539647162704221 -0.8775198239120419 0.07177675665474807 0.1006891713766326 0.00403509027815763
-3.4166924873759257 -0.7637433750329861 0.16549876959572324 0.14222381380670285 0.01848040957955004
-3.3053201350625785 -0.665803144557568 0.24228381822290196 0.13101349026777723 -0.006306686709083462
-3.1593547165991955 -0.5275873234385114 0.3492955679057354 0.25539904493821347 0.05445954643922968
-3.037061139042315 -0.4394684386722401 0.4125762325677407 0.26032039994021045 0.053908968343653815
-2.8773229531795117 -0.3287789759617968 0.5024343043351548 0.3574898995905886 0.07704129574952054
-2.705016150334732 -0.20583668897592997 0.5853345813546164 0.39866287696947944 0.0795080268646611
-2.563376479338051 -0.12631008832924834 0.6648841700254915 0.4627585870821954 0.06667653854121541
-2.3397937749654067 -0.017192445717936936 0.7579176565936199 0.4037654664118563 0.22910042174610482
-3.8216681912236172 -1.2571571900529375 0.05896485733697659 0.19224022642638391 0.019863935093319605
-3.690649193799715 -1.0059131554094256 -0.12508174454668747 0.0049333923623818415 -0.04078597538962461
-3.510542516326818 -0.8327534626511023 -0.07408850141804942 -0.07961175672866037 -0.042501370554450524
-3.352676318788476 -0.7533459470938779 0.051726423685780114 -0.09964928590469267 -0.032911926938404445
-3.2305411360437297 -0.664412055178921 0.11743978983646679 -0.1097980555843877 -0.0335280773021223
-3.0346977200571503 -0.5694850904133821 0.2294226018153278 -0.1016534728432739 -0.0286120589414124
-2.82718964534268 -0.4327105956202382 0.3981262933971068 -0.12477851707195677 -0.028353595272042283
-2.7134288871479204 -0.4224008648955331 0.44604206187350876 -0.0969308818242771 -0.022419220723532234
-2.380309513695379 -0.45596703675458633 0.5192650077761102 -0.13082885610526349 0.0742263054848476
-2.221628462652351 -0.36828118165051743 0.6450276175853281 -0.13839438587340464 0.0916006441141815
-1.932581543439424 -0.35920837270394507 0.7218888109912696 -0.16393288673503958 0.08384801033917041
-1.7600642842143654 -0.08909879034973578 0.8936566248214921 -0.15463892830570927 -0.13144555920046783
-3.818940107940068 -1.2584951220825245 0.058171918652649195 0.19230211919808435 0.01979827758044925
-3.5438730420531335 -0.7484785784716499 -0.24142740640118115 -0.11571720288577612 -0.07987249077780034
-3.3566590709433166 -0.6229999207766976 -0.10549371020203031 -0.1676294473455809 -0.07914557486402254
-3.1954644512087325 -0.5248716047523055 0.021254057166421196 -0.15051788576069894 -0.08151764585070834
-3.019091631387048 -0.4560647071390415 0.12433684773623131 -0.12463212194159025 -0.07568911707509836
-2.7617174775347584 -0.3310916551609604 0.2883245856671867 -0.12328072661007371 -0.08246415586320414
-2.445141644101027 -0.35811525669826066 0.3512250076109408 -0.13766912849616364 0.0047648142378485
-2.1571526902831866 -0.34267074225391086 0.46815761282417884 -0.14692528131700985 0.0218070787146034
-1.9225414253221322 -0.17123220834461428 0.6508429962542754 -0.08476283872053618 -0.12942780816698324
-1.5095912020675726 -0.11784700728159604 0.7572557525480255 -0.07504258818856561 0.15013866347243018
-1.1669626178487296 -0.09939918760002822 0.8154030198034777 -0.08129807425572289 0.16878693025660546
-0.8526403304351863 0.13499388683170666 1.0080248349752439 -0.05945867510942941 0.06610488260500179
-3.769451401120318 -1.2260107115333125 0.14477196442299084 0.18760154145310268 0.021669934819752715
-3.387375691715475 -0.5079176688228897 -0.38008027963275154 -0.22487053689654515 -0.10608773511453981
-3.147573469949272 -0.282647336766564 -0.2854991069481946 -0.2568829430167897 -0.12840096244609348
-2.891578266916733 -0.1722856249180909 -0.1226093664931024 -0.23861852608479667 -0.1271922984952241
-2.5869350547321694 -0.04725884584734365 0.016804292596117314 -0.20630053340300555 -0.15131662004157645
-2.066229728136654 -0.08854852839626114 0.1040520629286837 -0.2018984488166249 -0.018347791778815754
-1.8390728659807805 0.05125532444910257 0.2819353550997471 -0.13121650231721624 -0.176205571400465
-1.4618572410511252 0.08821307528346325 0.4180438067947764 -0.1599143435267877 0.12404382567177691
-1.025143275613571 0.15839242939236015 0.5518988898756133 -0.045952504828807736 0.1408705109599398
-0.6295196714206616 0.20631593075562554 0.6811544726589328 0.018548132167154965 0.05543629214192457
-0.4033537558878044 0.47483757266321563 0.9294247536848411 0.09174908924645613 -0.23163707837759717
0.2892790318071366 0.6473491053333402 1.0392700279354645 -0.03225477631042166 0.1562281684524082
-3.6781637522671278 -1.1090707342859711 0.13214653405748816 0.20170511861855112 0.02424600019757001
-3.167014352653129 -0.0980388004316682 -0.6005784443723046 -0.3675266248193188 -0.17371529699512095
-2.8748005540032486 0.10972214146745711 -0.5055435825144187 -0.32579547273018844 -0.17071918861750787
-2.5378125724900547 0.2430358882945864 -0.3678105101069806 -0.2551665271763729 -0.17956952091145909
-2.0195233882942 0.19693812306501987 -0.2720110462935288 -0.24602829827498246 -0.04886956749614689
-1.717633726179448 0.41487554481134536 -0.04645300428966157 -0.1345059521376629 -0.19439862962886906
-1.0632182011937437 0.38487889889767624 0.10260490197331423 -0.17631966940121416 0.10862907110381978
-0.7476385994913302 0.6068069263940467 0.32140338040291677 -0.0828214242083989 -0.006031994346815961
-0.051297021939493294 0.6816830433636171 0.5502269724270962 -0.08192525381697353 0.09136905922610998
0.26385419224741297 0.8414650132867251 0.7182777353296693 0.012465455558748353 0.012654736117788142
0.8216626458817338 0.8936973771889658 0.8650967715208061 0.05059967668691824 0.22317085670680095
1.2753630232867355 0.9794467608017725 1.213520701116631 -0.4849243099654742 0.07812380338517769
-3.542283481403586 -0.7492581456200667 -0.24188942460191248 -0.11568114008850759 -0.07991074716074698
-2.977750769129916 0.24555165248400068 -0.8176267503118054 -0.5222462484323339 -0.22528121620465902
-2.6129187940630314 0.44702922491537056 -0.6325252102998601 -0.47236410106724425 -0.2216400069723423
-2.0964275482172248 0.553952902989101 -0.44445698983298804 -0.43851850972626916 -0.12337691322719194
-1.6430071884924229 0.6674112535619935 -0.26006811798690666 -0.3243862193076661 -0.24861040800605397
-0.9133640001897135 0.6634611571153002 -0.1013912788165665 -0.309940131279859 0.056436843372802636
-0.4093920576253232 0.7959649263968521 0.08486606024103781 -0.22081710903671983 -0.04483347867592684
0.10499865958441429 0.9228598477036578 0.33809654476028406 -0.19143765258206955 0.06323611635577013
0.6808079780483276 1.042962643359315 0.5741322116800731 -0.11544477709073307 0.0395423388412289
1.0756259087328384 1.3209971030641798 0.8105060613588678 -0.09019548745492838 0.15393750998628575
1.7882776362544874 1.2859728634951548 0.9555220874850817 -0.014888619610895146 0.10241792928680696
2.428863045507207 1.3791829495454129 1.4083602018187402 -0.4211636806034556 0.021311514715642386
-3.38856632741732 -0.5073337461652958 -0.3797342120795258 -0.22489754917440233 -0.10605907976542014
-2.74575045184053 0.6362328926571539 -0.9174403728324675 -0.4447931312806824 -0.1692848939113011
-2.151186933615105 1.0149461708457919 -0.6460332580111102 -0.28123363300797105 -0.07767514349287102
-1.7083087024116783 0.691487428435424 -0.6658001583245714 -0.7193805153888423 -0.10455137413190876
-1.1265441980115884 0.8394651344313623 -0.4441036956208584 -0.6286215977976124 0.17169810552405732
-0.4034597105948648 0.9659842840179664 -0.11450467717844214 -0.580294538340465 0.013614683406753545
0.15360331592160476 1.0535719894534032 0.10031703354399833 -0.5677430531283254 0.1467465367605951
0.7308413519414132 1.0927782509058974 0.2576411231613347 -0.4862270444937707 0.12411612227927502
1.3446142162116559 1.0658697657286855 0.3824175089692319 -0.500773316196009 0.18329634990176105
1.8538514711363652 1.3055820340820772 0.6729146038089058 -0.3727061721205594 0.09685536529096683
2.2858013126686014 1.4084976469438542 0.846056967132801 -0.331116679131002 0.36280825858346744
3.2003540494474194 1.2038497786023787 1.1854707214880467 -0.3856081055474381 0.2444586864770201
-3.4935634332854053 -0.9844757125130927 0.3835696382960208 0.26856966287133227 0.0645546638428227
-2.7010821802069143 0.5852333189316601 -1.0436992121829731 -0.6443532043388588 -0.23088553744597645
-2.0811768892842375 0.8073756434249105 -0.9378325320040178 -0.6666088394175631 -0.1335263720478293
-1.5605669158074964 0.932728830132917 -0.7055062826239252 -0.5765076449103876 -0.2503589580402869
-0.814416351466578 0.8964660242646763 -0.5081172436391745 -0.605818890150323 0.09625204855297695
-0.2576036055932567 1.1795155816931822 -0.22400115481990596 -0.375758396278062 -0.23724595245077598
0.465209849825231 1.2334130329859618 -0.0403090028097386 -0.36261227289623366 0.018351983693317534
1.1849712820448393 1.1722669152657679 0.16065541362936125 -0.4421669985633291 0.14402219993648216
1.873133754870093 1.4427784928973542 0.4182833088582893 -0.12463935658054488 -0.3535331468048755
2.569522535747453 1.3526537429913312 0.558026478034867 -0.3578793837116453 0.30110372387462364
2.99869514781687 1.3781206343400718 0.7119670424070746 -0.3660698923530009 0.2019228304651236
4.185539431930592 1.3801788148356708 1.0875791096863519 -0.651736230549885 0.4407270073961401
-3.3746408472810705 -0.64437426839654 -0.15455730767635395 -0.1423496323899439 -0.06898634096153927
-2.519103856995285 0.8230112334474582 -1.045447182296758 -0.4243265543244895 -0.1443074523716894
-1.9171768286363637 0.300627446772389 -0.6046150646160307 -0.44901889105009385 -0.02225822239936721
-1.292808877529525 0.4740618958420901 -0.3628624487371367 -0.3620727997614267 0.1580211860423358
-0.4874889588068957 0.5588380164993965 -0.17577373328812274 -0.2039334563378384 0.14675608470558998
0.25079507331872725 0.7238327612727963 0.09379354302958327 -0.04506355877887153 0.20708811800971863
0.9220760632558768 0.8868369149362294 0.33358841302899034 -0.005704329356532742 0.443466311884303
1.7359087320280258 0.8779062217848023 0.5604519737431887 0.042334584087065766 0.24064007134660462
2.6236515689570252 0.850242978199481 0.7752677586101149 0.012721032041575 0.49231016076320333
3.2703871911519613 0.7431667683014491 0.9527635178487915 -0.03845269250168497 0.1708702144609368
3.8954608038959457 0.7586032277498963 1.1512616084971672 -0.19144543720957938 0.6030956922166869
4.494239400188738 0.7841817005599017 1.4402727282105912 0.05732423567194857 -0.05571037904848411
-3.166295429259518 -0.0983913815427113 -0.600787405063974 -0.3675103144076319 -0.1737325995174645
-2.8255984173993056 -0.5534819873010435 0.14403322328881812 0.05884828193947432 0.04022845516171941
-1.6537256407918424 0.6818225208953823 -0.7673010045449015 -0.44545632130486046 -0.2228247729872741
-0.8371257267448894 0.7807638281772363 -0.5450202222754722 -0.2581859811359556 0.020901402886757653
0.04985736001344645 0.8418236371840497 -0.34923352940082697 -0.1348913292317313 0.20878719660341497
0.797924874228685 1.030495631627788 -0.08568972668846543 0.026907702399400546 0.3136782001859371
1.6537929703025849 1.0879785374650328 0.16241572356370038 0.211028364565573 0.08680843040747094
2.523309460821044 1.0756922182342903 0.369623876023261 0.18386007928843504 0.32710411197253325
3.277028509617297 0.9354741753959407 0.6369055726360091 0.18163816567427046 -0.02189502936749257
3.9310425549218833 0.9737700167478853 0.8476858403358691 0.1624003155790346 -0.657725172906966
4.818238696082447 0.8015887642329698 0.9199832430803631 -0.016661563306201263 0.16196383722356497
4.900384144094278 0.019249345973407914 -0.011835008773039704 0.4946760492403495 0.44458866331992036
-3.361617059273779 -0.9016500849637057 0.4888080231744623 0.22998140889432125 0.04676873925807498
-2.2802866640543504 0.8492283150889393 -1.0453627271921115 -0.12300463467125515 0.06327877615839551
-1.5179119037447284 0.6860749665801334 -0.9072944096418173 -0.3419189550719427 0.030058943927611683
-0.7816987154735305 0.8055689950445468 -0.7575712487066036 -0.10595230735762802 -0.2981722891693239
0.12496401528459464 0.8367921790121833 -0.5137086434593711 0.054815228760993935 0.12764052344914567
1.2864843834412165 0.9254007284542286 -0.3644623038272709 0.547307884789467 0.2567559404722589
1.9660840941945883 0.7971319459731148 -0.2133311044970438 0.25678020971191257 0.4181079874885995
2.9799603803057897 0.7456177990595252 -0.01523803919063905 0.4876569071579754 0.04534817187737049
3.591852773144768 0.5583195777186595 0.047999187134287906 0.5196139163157243 -0.22181050003824423
4.43169992126513 0.448361055662463 0.23080021785402288 0.55713972651102 -0.9425449230877969
5.031833400460938 0.28886774178078756 0.35089322736194867 0.39199197438562294 -1.137428481873623
6.166435174533285 0.03839098622720076 0.6261324108997683 0.04091618237876983 -1.3795550774994196
-3.167193979767596 -0.09795070602807111 -0.6005262343504647 -0.36753070006880034 -0.1737109738611275
-2.6887941471044043 0.43381077576633736 -1.0640134942271513 -0.4347864395133488 -0.20041543563070954
-1.7315048138918077 0.7268857886699434 -1.0276162719109498 -0.19304905786886753 -0.22959535199088651
-0.7927388645084258 0.8130079028736484 -0.9106780265024158 -0.09082249070885794 -0.19914353656558223
0.2868356414157113 0.9957344993081855 -0.697659329784948 0.4782063088955272 -0.2573469137939286
1.3307970836179341 0.9876247737908825 -0.4527727452663351 0.44948374776201566 -0.26085747063378967
2.237732411326387 0.8621440311500176 -0.2845458488211688 0.46977472604609655 -0.47530004451744695
3.174020736274145 0.6034847042642544 -0.06718020237644752 0.7781774530844607 -0.6593349934300947
4.249415107843516 0.36270131225911845 0.04383445205953212 0.702379801876098 -0.8188364166779141
5.119441048608433 0.0955851731453211 0.08965667560140049 0.4905819982446335 -0.9985667724074043
6.0134179175591 -0.20063976276389262 0.17998439425265705 0.2847924503099254 -1.194993019707477
7.1701030877229694 -0.6409172625893101 0.31165854354657346 0.05653994380961504 -1.4317052930803575
-3.261141294135412 -0.8578102380387177 0.5762107966293293 0.24000474037191186 0.06437247615209982
-2.3179898483098698 0.47623768817594553 -1.053919011222574 -0.37149436891556326 -0.06550183281658603
-1.0260481820237326 0.8098192986653093 -0.9998992858747419 0.0633815825375313 -0.032239732479880226
-0.2121639692500142 0.8216384429939863 -0.8684462640798455 0.18998811458468032 0.08891962889385463
0.9797693333426927 0.8688604364733679 -0.6949421582256464 0.6996189441354687 0.045936155567804234
2.2417576807181976 0.5726433093668767 -0.5781654255401526 0.635303238848947 0.01508833277106022
3.3156300360865893 0.42892581425166115 -0.4098595189086929 0.7465956594138833 -0.15249867059196207
4.28939342031048 0.201369959737255 -0.3106517553592442 0.7092925703556229 -0.30583986725980156
5.2737784839727695 -0.15139039617855665 -0.20262907581603568 0.4820004013618815 -0.43478711962232997
6.312995958836424 -0.5210922849795014 -0.1543126515439795 0.2259964236770962 -0.5438875303690784
7.2688617052815365 -0.8250049563222704 -0.07418623488849659 -0.018525274461655847 -0.6492898249625345
8.538644117733039 -1.2546574156301509 0.06117621251103083 -0.3252936840940336 -0.911451768154969
-3.0370134586328703 -0.43949182254302016 0.4125623738848474 0.2603214816787021 0.053907820806437676
-2.279666030659809 -0.24213511989313982 -0.4351022560753571 0.02802054916944409 0.06850194721185837
-0.9334050869318302 0.43308255835963344 -0.7995557155570123 0.2965485055934864 0.07861154139522833
0.19211694390839237 0.7569815940240785 -0.8927673547145613 0.18652218100123444 0.26819858057777074
1.338774143098017 0.8051508859167685 -0.7200789950967577 0.472795817522072 0.34156775197175304
2.714062115361294 0.3800788804550181 -0.4611834839864041 0.7722788566190162 0.27770514972001004
3.822127527421687 -0.013018184610696825 -0.18746969383022327 0.9296696720790006 0.228029048161186
5.011959674505947 -0.12395967913932522 -0.34406200860304875 0.5126023601181985 0.10911141854062176
5.9785998613372 -0.6038918927615943 -0.5173911033230235 0.3899159994894349 0.11801195152621137
7.340739311436703 -0.8879897599853394 -0.22799200288903027 -0.08731823912440538 0.0014590451922072447
8.540861212088474 -1.2918163150575386 -0.1412592270498499 -0.39651244729216106 -0.005785481780154614
9.983637565133922 -1.8719610054712692 -0.06344195144594018 -0.6947623150649637 -0.15169389843423683
-2.8271982740984076 -0.4327063638254342 0.39812880141226015 -0.12477871283489829 -0.02835338760146133
-1.627862500663763 0.5401244173005075 -1.1795445512406313 -0.20933870187259349 0.05027604112570688
-0.5282563015654164 0.06712322015914236 -0.36317329712562063 0.7718305155092212 0.3326740763621669
0.8919908835462738 0.5902413976807371 -0.6966305220317303 0.9255224203223176 0.35811500440678773
2.0449167309210377 0.6790877445899031 -0.9144359396463383 0.5894122464683594 0.3907663309632187
3.5125457247846663 -0.0340553832556567 -0.42925815572889603 1.1062452356274879 0.29531221078647885
4.713407152162936 -0.14827738107342844 -0.6039496458954662 0.6685261587135436 0.27805199760259414
5.977187293671713 -0.5776919964886705 -0.6010505748745604 0.366468125052113 0.2843297127085387
7.27242742199724 -1.0306786479357142 -0.5528132623480013 0.05831167066753863 0.29478076875956544
8.496699450352509 -1.4554754674815016 -0.488175559519932 -0.24548818839463663 0.3084492115755459
9.89391655817904 -2.0168764914118844 -0.43343105112950636 -0.5554986953896768 0.315088111739743
11.431804836047762 -2.580573281686815 -0.2640060179537889 -0.932477915505686 0.18357546998572152
-1.358319581864048 0.30543650228749597 -0.939438543627744 0.16035822214009146 0.18160612138533597
0.1852504458317187 0.8012875724948262 -1.0684131913465147 0.5676089630329505 0.34167862096990514
1.3552233703936707 0.6658094195924199 -0.8642766325441806 0.6447562631966831 0.5987920125010994
2.6040790884370115 0.09127463722465981 -0.5118328325426423 0.8657476670991363 0.6170687997794467
4.332190653843652 -0.20173573986704546 -0.5505991001890831 0.840220753024811 0.5451385064670163
5.731139624122909 -0.47220132686886457 -0.5555938413360738 0.3960893100394196 0.5647096322796581
7.138080876080426 -0.9013628887421883 -0.5126020954779589 0.019357637132473363 0.5587667802972079
8.481434835472761 -1.3640662414387952 -0.4334670136326532 -0.3018462035618853 0.5424343978727549
9.897650377546556 -1.878649786314169 -0.30494203692953664 -0.6523270743580604 0.5673422604287666
11.34882495638684 -2.423273983921314 -0.21946545205606444 -0.9961521076245574 0.6464276103667173
12.249930125511767 -2.72521884232913 0.01231497430433153 -1.1957100177116002 0.059419996028503924
