所有主成分的特征值：
14.293692651833126
0.37239415602234427
0.27501840394051263
0.053801813910201446
0.03566043338128796
0.01574043715674221
0.0080190623430053
0.0035733970122521002
0.003167120998207089
0.0029877385290860573
0.0015439992125535315
0.00152347666497033
0.001072265741704867
0.0007799904403798239
0.00014947677676150075

所有主成分的贡献率：
0.9485416836231767
0.024712395063256478
0.018250456775257256
0.00357033443991245
0.0023664568941099344
0.0010445488877715776
0.0005321518435572323
0.00023713368552253993
0.00021017286134891074
0.00019826888709837133
0.00010246110982388876
0.0001010992159934439
7.115647276757066e-05
5.176083350532775e-05
9.919406898240261e-06

所有主成分的累计贡献率：
0.9485416836231767
0.9732540786864332
0.9915045354616905
0.995074869901603
0.997441326795713
0.9984858756834846
0.9990180275270418
0.9992551612125644
0.9994653340739134
0.9996636029610118
0.9997660640708357
0.9998671632868291
0.9999383197595967
0.999990080593102
1.0000000000000002

由大到小前十个贡献率：
0.9485416836231767
0.024712395063256478
0.018250456775257256
0.00357033443991245
0.0023664568941099344
0.0010445488877715776
0.0005321518435572323
0.00023713368552253993
0.00021017286134891074
0.00019826888709837133

信息保留率 0.99 对应的主成分数：3

信息保留率 0.99 的特征值：
14.293692651833126
0.37239415602234427
0.27501840394051263

信息保留率 0.99 的贡献率：
0.9485416836231767
0.024712395063256478
0.018250456775257256

信息保留率 0.99 的累计贡献率：
0.9485416836231767
0.9732540786864332
0.9915045354616905

信息保留率 99% 的主成分：
-3.097172655710642 0.032274986481303086 0.021936469727754846
-3.033992203073677 0.03161659623916366 0.02148897898677166
-2.9458827188109686 0.03069842578837853 0.02086492238770112
-3.5380298016826295 0.03686906631091699 0.025058946422441896
-3.4902506945165306 0.03637117025884115 0.024720539412411393
-3.437694404856298 0.03582349219021194 0.02434829685918791
-3.8016334337403372 0.10925517722722308 -0.9025146193886663
-3.7381986855158686 0.11371491338225623 -0.9086488622338192
-3.530166583794026 0.24258133923973033 -0.8938528738368035
-3.444997615300805 0.23493485022433133 -0.9016117905578024
-3.1274713427022847 0.032590722742003114 0.02215106746054749
-3.007262096897537 0.03133804741048016 0.021299656585299507
-3.346684618108855 0.16983719321309484 -0.9399045947589668
-3.2450853902007224 0.1867612214988926 -0.9677488762804216
-3.119000390637264 0.18287156912997274 -0.9517633869605762
-3.5243173640558183 0.036726171875175545 0.024961824787217774
-4.010944926180638 -0.49625523034168173 -0.9314701658540454
-3.9374626277113856 -0.44308555138028305 -0.8991266145570661
-3.6765248456639044 -0.270972799700808 -0.8626352310847891
-3.7435640367550067 -0.3600652962965978 -0.8931251007680002
-3.2408058239508035 -0.36609497559396653 -0.017179154623062933
-3.1315360286850655 -0.33155540158928865 -0.01437220828201993
-3.2912262153578666 -0.2327731070119932 -0.804742542525471
-3.136326450967691 -0.16469916901594886 -0.8118491802830463
-3.0204109202279965 -0.10184082082868753 -0.8266203489330282
-2.914135736096523 -0.034482129126468336 -0.8126889360876844
-2.735308436216093 0.2199345566269583 -0.7550993413540704
-3.5017899012416773 0.03649141791128449 0.02480226861744648
-3.9216653213772807 -0.5297093635802267 -0.6992785349844725
-3.7922961547157756 -0.4288126753756193 -0.6696821257708393
-3.677148324253581 -0.36735186099853956 -0.6791592680057424
-3.5331564489116656 -0.2802768239286876 -0.6769400825457307
-3.393407294452113 -0.18218242426462952 -0.6442061142355927
-3.2211252652793165 -0.1314723423806571 -0.6912406184459836
-3.082612404066713 -0.05775151389432567 -0.6735462480344919
-2.921307356059576 0.010522286269059239 -0.692459712230752
-2.7473387681468875 0.11134333528602922 -0.6679217399993957
-2.5966286273435557 0.17076922910172324 -0.6876670878238521
-2.4106937845381746 0.3182876637392802 -0.64796712327835
-3.479519000272927 0.03625933752455865 0.024644529608609012
-3.834233338880841 -0.5138373933508481 -0.6113452918766002
-3.610691806312781 -0.40182404356140866 -0.4956839695429971
-3.4092039042956817 -0.2838639997282121 -0.5110611156239673
-3.250020455051189 -0.21052829757194472 -0.49045209232733483
-3.0135407109667653 -0.1041643166928519 -0.4983296270784324
-2.7793005501788235 0.08315248630839592 -0.4863214108839277
-2.62079710636768 0.1085626913147145 -0.5284973381763489
-2.4026767029150835 0.23447095633580287 -0.5411818011802207
-2.1970090253803276 0.3445059515217903 -0.5595110164704571
-2.006560558203907 0.4733362465770531 -0.5524971624719592
-1.727283985068878 0.7008984967144094 -0.4507554103714886
-3.4414012403862557 0.03586212034560307 0.024374551412752733
-3.689097547394375 -0.49436782044358296 -0.3390571714041045
-3.440997858450212 -0.3407357589964055 -0.31429090420542816
-3.2222997188213705 -0.22921945351739906 -0.33497777371006743
-3.0067992655481475 -0.14699161999139634 -0.3653909246896725
-2.712808993038535 0.029521298574256533 -0.3691015127533575
-2.487251651742904 0.13371485616470422 -0.3929169947521962
-2.2351097482250792 0.27171943500451057 -0.4217697886161921
-1.9216078866573207 0.4306689614575094 -0.4350864752229338
-1.5854872342543302 0.5682284112553848 -0.462450960882546
-1.3125192503889618 0.6901732486653498 -0.4485922447722774
-0.9473078542002812 0.8660685843239186 -0.4201713007098093
-3.395286747656228 0.035381570891341946 0.024047934434549192
-3.499203392323538 -0.5114889945307399 -0.08108293335611651
-3.1660045315992895 -0.3752576613824217 0.011560635943222725
-2.8664778114754608 -0.22871515103927623 -0.01672404197254874
-2.527729536397337 -0.0850580588626437 -0.02407706598409347
-2.1555170463569433 0.06116136170971201 -0.061651003759439334
-1.8384504560122739 0.20029660676903507 -0.10281599376277038
-1.5234847488424317 0.35703701805833943 -0.15060987603574458
-1.1413979398036809 0.48768878029458884 -0.20568200701742345
-0.8037553657585793 0.6505003998106149 -0.233047914496256
-0.40070203546526234 0.8376529600317314 -0.23207702825579934
0.17262649324767776 1.098006768296451 -0.11975491310500452
-3.317718439075662 0.034573247820879865 0.023498538245778824
-3.221761326928003 -0.5373799276797216 0.3319459830305088
-2.8644601532213843 -0.4384542675827724 0.37756577113223955
-2.489646247410341 -0.31644245195422394 0.3548341135112647
-2.1189786808635493 -0.1658606660837402 0.3088501425821283
-1.6891204739518626 0.005635514447956763 0.26757578819413713
-1.2297663234920082 0.2511793759832503 0.22752885731321493
-0.7865975345648224 0.4176929832971935 0.1937559163465558
-0.22419396796881846 0.7184201975982474 0.16554025761755442
0.1567825267109511 0.8505171782633121 0.13437880560352827
0.6588815132784303 1.0313932144061955 0.07772075741555443
1.1007893199754637 1.546619465115132 0.19989876660570555
-3.274802639482977 0.03412603127674116 0.02319457678051436
-3.008243851342405 -0.5664574218354732 0.7186348123189927
-2.5620545108308863 -0.39643421559502834 0.7122492735429349
-2.0914425343015797 -0.17979731365006482 0.6841610609401882
-1.6366669365804223 -0.009845090754797836 0.63002330099422
-1.0676768031095072 0.21388700278794812 0.5661354780758582
-0.5792626451299975 0.40822518792592427 0.536390094121623
-0.07081434590352567 0.6617688020820192 0.4779294590299406
0.47660980137957193 0.9009734390265631 0.42157715508945853
0.9866094639608634 1.1324250172745307 0.4316294096440156
1.5043863099456734 1.3421161956824814 0.3740457317703405
2.2099597672699014 1.9347718285164466 0.3750605041142543
-3.221357808313205 0.03356909390345039 0.02281604091849244
-2.788974534851776 -0.6032460937160826 0.9603694347502223
-2.2154620850545568 -0.33717984855586297 0.9887587596861311
-1.7100490745557866 -0.22019688703074 0.986976864074559
-1.1656531824737115 -0.015155890761289148 0.9092056916709959
-0.5049738872304108 0.34679547449263115 0.8540352078883614
0.018960293672230163 0.5788914426871415 0.7990943022663797
0.5169546039682971 0.7442474327692786 0.7310412988260859
1.0918828565366916 0.894609218781721 0.6615910276348413
1.5725888806232136 1.1129243809589613 0.599057187060396
2.1311032852567533 1.3200745345505993 0.5378791661166158
3.026621564665653 1.6258380689081087 0.2747468896303225
-3.1722405224086647 0.03305725297148118 0.022468155935920425
-2.647810180182121 -0.6666510004169909 1.0570838396355282
-2.030290151279191 -0.47962354159924875 1.1475287329127266
-1.4922157006343897 -0.2654669756071377 1.0792604176148173
-0.8680080147000685 -0.047193648948324285 0.9689629429095776
-0.21208618859255937 0.16595708849768084 0.9053971695189947
0.36987362312786903 0.4108110411517689 0.8634464974873751
0.9481707534975844 0.6560136852331663 0.7816711977224088
1.6658896506604601 0.8693050000525845 0.7343962372035028
2.21094784968125 1.0977040286170026 0.6811264982103644
2.855606516652358 1.2659616423240831 0.60630225341295
3.6534255551725088 1.6675410654952352 0.5395922369350824
-3.124308019114308 0.032557758410534626 0.022128662460942913
-2.535727794698685 -0.6886876157290918 1.1084272040222678
-1.947883582109717 -0.3988060448143061 0.5791623345246553
-1.282906366285265 -0.19369258292906813 0.4981490765363751
-0.6094377553588755 -0.0050692373151131065 0.41989128098744305
0.15163420682642578 0.2075949021536454 0.30076659680376905
0.8202993418721086 0.45329042361348254 0.24715997636016437
1.5643967723853105 0.6909817137006002 0.1506999305644976
2.3574930185495453 0.9429641922848258 0.044838490234077974
3.021832709259204 1.1352046417042905 -0.05620968548833513
3.7828661288134344 1.3334235553497364 -0.157003374532345
4.333167305182269 1.77640743222121 -0.2389055661250091
-3.0396320544479085 0.03167536794713541 0.021528924589646423
-2.6078834978529106 -0.3669446829725126 -0.020959809131580975
-1.5999999816414903 -0.44707651931242454 0.8843604497521063
-0.87646086155357 -0.2609600355102242 0.7482084048593821
-0.11949774413223682 -0.05722806448817034 0.6472722498459165
0.6804000334866193 0.15433792944278504 0.5321889927754647
1.4618266876255692 0.38645311405681304 0.40732831817682036
2.22620944479979 0.642514454797455 0.31951260166094
3.03326740382343 0.8831565612443876 0.12847100629647784
3.860266213643049 1.086631173260617 0.076320590098055
4.653053226738176 1.2377496740387688 -0.04811636334377331
4.948112712285953 0.5890302016093365 -0.39825480302400756
-2.9811226258106767 0.031065653466151172 0.021114517498804376
-2.3706439940851696 -0.7980713965441111 0.9535425862752324
-1.5449179267101951 -0.5831902248229323 0.8740814192357503
-0.7876117702868749 -0.49878190159338087 0.7722503851958539
0.02063889352596396 -0.34567358667998627 0.5566995035373369
0.897538336275333 -0.19863530549130212 0.40927053065868063
1.699548458443723 -0.07775069458930675 0.2636995331951587
2.5339556502094305 0.09865813388430686 0.11682307462079466
3.465503988330204 0.1796386243621901 -0.07133558476071437
4.325138170871431 0.32978955409097266 -0.20841478944193223
4.880462852754933 0.645090900186263 -0.3252008598124926
6.04923384351526 1.0247127471719526 -0.4809847112655519
-3.0521869250119793 0.03180619961936512 0.021617847477932054
-2.521832592916545 -0.8697332866033105 0.8065590393778207
-1.6976031526923274 -0.7562862235236895 0.8962856195856294
-0.7994570584585298 -0.6426673038548877 0.8227982225277322
0.05819568823077241 -0.48437334054559356 0.644025004744171
1.1236715921378762 -0.25579894927332664 0.4595657131182287
2.0201540606588853 -0.050592083493731926 0.308779737219776
2.8827407874769264 0.07761912193294376 -0.050312337332808946
4.000588950560116 0.2055467899143155 -0.24597786002991257
4.977492649781685 0.27965677453977134 -0.41700875002134374
5.985409119811846 0.38701775131050997 -0.6280002929277223
7.1003235189672695 0.5257868721315659 -0.9275910516110492
-2.9152162192933395 0.030378856630509626 0.020647719534290943
-2.1957260436874444 -0.8737679796060834 0.7901492378596169
-1.09513216270651 -0.784936035687474 0.8156271392214192
-0.3067151529384274 -0.7149490111979286 0.652708255349713
0.6985135959776363 -0.6134992463728635 0.4109791761185567
2.023902699223336 -0.5410489955265798 0.11581994832983455
3.03930301766863 -0.35338032297490757 -0.06821220963466529
4.054851644435924 -0.24462645951525566 -0.26680406884295016
5.181505754368499 -0.14688487348527648 -0.5321014411929832
6.332652089359662 -0.09138489859306012 -0.7598062491794024
7.418288186485047 0.0031607976549183625 -0.9615554895797441
8.826516865601064 0.17658024552891757 -1.2456943635119881
-2.799996626908632 0.029178177430484536 0.019831649078634616
-2.1760091088554683 -0.6989841319421319 -0.14044768042141542
-1.1447190212792404 -0.7027887049731051 -0.10812686774322691
-0.07942398107914964 -0.624546170012124 -0.0954736959781746
1.0131045513333776 -0.5536040302251016 -0.07803771990664025
2.4167561758294296 -0.5314297829159881 -0.09343068673923179
3.6035298591439444 -0.47928676555953026 -0.09888657183223316
4.920946328952453 -0.44984887141333796 -0.11061389621858152
6.2726074719786284 -0.2350456733402533 -0.06803116143276983
7.654157328824635 -0.4316828115128897 -0.1521434879219752
9.073833976916237 -0.4134750279627768 -0.15784877071674952
10.810923109775072 -0.46732556971099615 -0.19507376532397708
-2.6221359605842918 0.0273247287405676 0.018571908161257204
-1.8157628502309455 -0.7794602208315242 -0.12210094283150943
-0.6516879509986102 -0.7761220948671664 -0.08582629845184221
0.5122087521381269 -0.7813528700971923 -0.08587324972755289
1.7395235550714425 -0.7926671189444576 -0.06759003632811164
3.3155122635582153 -0.803821218031775 -0.08064963392720333
4.633642746050699 -0.8029837117456535 -0.08860898969421555
6.110053660498951 -0.8673531773226643 -0.12192624608190471
7.670111962808506 -0.9234326025707199 -0.12700795644156299
9.116367154181507 -0.9407566775125682 -0.14493157115448874
10.779404876615443 -1.0259578361388486 -0.18395305231108597
12.593455734553313 -0.9503675009852022 -0.21735628725534417
-1.5241875061871404 -0.8600759197183245 -0.12214556393115303
-0.21185660124951478 -0.8694699305983051 -0.08397050419131694
1.0577700658963416 -0.8703992982016111 -0.06505989541728269
2.480570990323229 -0.8969429628812937 -0.05645262859039845
4.256425583577981 -0.9325427736938716 -0.0695612473347975
5.844886305293274 -0.8780169377400995 -0.07329421987642776
7.4907360484072525 -0.8789066236609138 -0.08847836607604147
9.109265990292299 -0.905412705058732 -0.08861358971183647
10.795084483733188 -0.8984907863908707 -0.10258239879961678
12.512853020568546 -0.9532927158455329 -0.12892800464273568
14.413444090529573 -0.8499327152266378 -0.15759388816652486
