所有主成分的特征值：
9.049059934149
2.7402438809633036
0.9736008301814909
0.7247141568106386
0.541432602921897
0.38729062300422856
0.14856913701632693
0.141047341150206
0.10382777289776919
0.08188604627891155
0.0627707535538315
0.042886323165924445
0.035401729510780244
0.025706964571064594
0.010686327787751726

所有主成分的贡献率：
0.6005033656606527
0.1818449303269227
0.06460898475516319
0.04809265199630234
0.03592993114191184
0.025700937367558914
0.009859175147566655
0.009360022333209395
0.006890099914010987
0.0054340281475608
0.004165520954489738
0.0028459731275246513
0.0023492890837429107
0.0017059361810156026
0.0007091538623676225

所有主成分的累计贡献率：
0.6005033656606527
0.7823482959875754
0.8469572807427386
0.8950499327390409
0.9309798638809528
0.9566808012485117
0.9665399763960784
0.9758999987292878
0.9827900986432988
0.9882241267908596
0.9923896477453493
0.995235620872874
0.9975849099566169
0.9992908461376324
1.0

由大到小前十个贡献率：
0.6005033656606527
0.1818449303269227
0.06460898475516319
0.04809265199630234
0.03592993114191184
0.025700937367558914
0.009859175147566655
0.009360022333209395
0.006890099914010987
0.0054340281475608

信息保留率 0.99 对应的主成分数：11

信息保留率 0.99 的特征值：
9.049059934149
2.7402438809633036
0.9736008301814909
0.7247141568106386
0.541432602921897
0.38729062300422856
0.14856913701632693
0.141047341150206
0.10382777289776919
0.08188604627891155
0.0627707535538315

信息保留率 0.99 的贡献率：
0.6005033656606527
0.1818449303269227
0.06460898475516319
0.04809265199630234
0.03592993114191184
0.025700937367558914
0.009859175147566655
0.009360022333209395
0.006890099914010987
0.0054340281475608
0.004165520954489738

信息保留率 0.99 的累计贡献率：
0.6005033656606527
0.7823482959875754
0.8469572807427386
0.8950499327390409
0.9309798638809528
0.9566808012485117
0.9665399763960784
0.9758999987292878
0.9827900986432988
0.9882241267908596
0.9923896477453493

信息保留率 99% 的主成分：
-0.24542833578297618 -0.09480029257427053 0.21301255514921277 0.026269041489843884 0.1618076600671483 -0.03676426203893451 -0.36801022898012914 0.12503131666150835 0.07464633637175479 -0.6028829601555538 0.04868771056620553
-0.24042174588037107 -0.09286642382984793 0.20866722760446993 0.02573316890017492 0.15850688147338116 -0.03601429328527104 -0.3605030424501412 0.12248075327399281 0.07312359616837516 -0.5905845116852984 0.047694510659910795
-0.23343971210533415 -0.09016951093050678 0.2026073696430247 0.024985857737693174 0.153903718826964 -0.03496841030500616 -0.35003375478577625 0.118923817302916 0.07100003028072956 -0.5734334798911436 0.04630942511745303
-0.28036304807757106 -0.10829433732651986 0.24333314672040998 0.03000822426910522 0.18483965445147205 -0.04199735345421828 -0.4203934692032841 0.14282849994700555 0.08527163062179911 -0.6886984088614113 0.05561800716576743
-0.27657690243426936 -0.10683188306846227 0.24004706911623344 0.02960298003895882 0.18234349863775295 -0.04143020276192414 -0.4147162912983837 0.14089968120102 0.08412008509898602 -0.6793979233012101 0.054866917188098434
-0.2724121999329555 -0.10522320567451021 0.23643243383619944 0.029157217562304084 0.17959776528767524 -0.04080634564459479 -0.4084714821313693 0.1387780099784143 0.08285340257510557 -0.669167530937797 0.05404072966035664
-2.1530404316934555 -2.5166967474512516 0.19121876649527422 -1.3705601163081678 0.7728309059569503 -1.2044573388130664 0.10847310777419186 0.599432103670828 -0.3689596578961365 0.4244026999623094 0.48373997549987124
-2.1113199817067763 -2.443315491216152 0.275932245917304 -1.3552415426899107 0.69491480971085 -1.1425217039137752 0.10110775153434207 0.5844926941538966 -0.3542638992763632 0.4204387491298639 0.45298287130056236
-1.2035771304959593 -1.3167693616668172 1.1455560197991705 -1.2532206598346742 -0.40139701202500666 -0.8464518867483508 0.14867823603903169 0.5129737501377815 -0.25608729327599683 -0.31827890628767613 -0.3845330353682715
-0.8032049413116278 -1.2481038982827466 0.9241122332781107 -1.2534324064827433 0.18643775021887565 0.37946238867938054 -0.7411337833614389 0.5945343352963581 -0.4303128307605095 0.055070212152861696 -0.03226592794716158
-0.24782928566578533 -0.09572769466343979 0.21509639142545522 0.026526023438914026 0.16339057461218834 -0.03712391550092106 -0.3716103598017133 0.12625445955626918 0.07537657850941235 -0.608780778628369 0.049164007455907564
-0.2383035799905825 -0.09204825120347947 0.20682882566536887 0.025506454297463232 0.1571104026798167 -0.03569699982538717 -0.3573269352103957 0.12140167220838209 0.07247936198491825 -0.5853813385567258 0.04727431204085473
-1.8592872499764832 -2.0370494804778336 0.7014400233628886 -1.2752541382499623 0.281032746997653 -0.8481635572956455 0.07960057971199325 0.5109969202652417 -0.29238287217731485 0.37139301448657647 0.2609097771715054
-1.7757417522876897 -1.9598554498570269 0.7662281327988987 -1.2785895323401695 0.22299613644475536 -0.7305775643161267 0.031132658129208263 0.5064740093628661 -0.2896677349258642 0.3715992174606233 0.22909765060463932
-1.6998725076237695 -1.7850201291090841 0.9605946508128164 -1.2179206782353402 0.04289891670496008 -0.6133476288799988 0.03224466201667877 0.4618043393600257 -0.2450316269734875 0.3597743964779753 0.16834021469992033
-0.27927643744252273 -0.10787461803946904 0.24239005387383405 0.02989192058410354 0.18412326641216786 -0.04183458317753542 -0.41876413888435143 0.14227493567348734 0.08494114106072141 -0.6860292018437923 0.05540244695374621
-2.2468702248521675 -2.879850078635269 -0.4309321693822167 -1.3537901408690876 1.2357068754989708 0.09929501923234273 -0.18290974710824404 -0.32067702331445347 0.23525234808357834 0.2596095561282505 -0.12352949271543645
-2.580592417173759 -2.8402888306066085 -0.06348718537433831 -1.2685137610175554 0.8830897281085562 -0.572243497331022 0.4123581507542713 -0.34628166708756536 0.19547949813008905 0.1500447463430952 -0.10611705067606247
-0.8737397763987228 -1.3971685958975875 0.42542998110567165 -1.1770649151173835 0.17836076186076835 0.8817842255156884 -0.38855055138545364 -0.32350238255751274 0.22824418091270157 -0.5308605445958923 -0.7828478952080922
-2.4284851122091853 -2.6017299795173514 0.18141152288905993 -1.2188671578604908 0.6656470608541973 -0.45473949191338836 0.3678490799524242 -0.316132126283871 0.19438335757801475 0.15482780902827997 -0.13918197435107726
-0.6221964504113986 -0.42341094813971264 -0.023945609419473844 0.06440293108304943 0.2796892332152217 0.4830426565566656 -0.11471026241034026 -0.6585872305670006 0.5343590658410191 -0.8363767234755258 -0.4608636525882677
-0.5951230667278902 -0.4035527557032996 -0.018484827900195865 0.061617774402043135 0.2685418709596519 0.4575091360072793 -0.11613018248024669 -0.622286544910334 0.5084035834126522 -0.8054060060795132 -0.43623213403832556
-1.7540585823077466 -1.9981698148384432 0.37917885896197234 -1.0755036864555128 0.4617474034757861 0.34294666033196486 -0.21696712546284258 -0.24248680745423684 0.26075052483087846 0.24429449274907733 -0.19164879384327377
-1.6445368223263053 -1.829178035851288 0.5569135034774194 -1.0481167501302266 0.2978220662513746 0.4054568277891627 -0.2310668666159663 -0.21728501417247542 0.25224599650734303 0.23957784327155363 -0.22275923018491517
-1.5613506919391675 -1.7027578670744692 0.7040032126495481 -1.035379369330769 0.16622460181798648 0.4509995867633752 -0.2463611420188379 -0.18701212496552388 0.24106744512500092 0.2448157674913841 -0.240330732379093
-1.4835346262010516 -1.5854154282149777 0.8049207723385439 -1.0059470895367315 0.0717136891615211 0.46621289191462967 -0.26099959721121274 -0.14916693042711393 0.22588369971373515 0.25169793956431874 -0.23011031779329497
-1.324065848797513 -1.3030651560357873 1.1176249274812668 -0.9412298582204123 -0.17175265520409755 0.44908252265742044 -0.32235035737886114 0.00913690724614919 0.15475290598876368 0.29954847822800623 -0.1569092377920144
-0.277491300376401 -0.10718508267830701 0.24084069484594087 0.029700851205315605 0.1829463491232705 -0.04156717621058948 -0.4160873953927389 0.14136551322604904 0.08439819665504675 -0.681644098081126 0.05504831410058945
-2.580785354446946 -2.7266638550632667 -0.12795689916416472 -1.08925829822502 0.9027954606628357 -0.5987010487930454 0.46034402057122176 -0.43612790043355 0.26951423509161043 0.09483185200513558 -0.0795201252545541
-2.4774483321364023 -2.5850768998318268 -0.027960567694225634 -1.051527984881692 0.8076660333387644 -0.5958269011010625 0.4335046442665375 -0.37755341611797294 0.23999152411834926 0.0998798952871208 -0.06352011996339185
-2.38615516194944 -2.453241889216806 0.11562093349079638 -1.0356964082344282 0.6804184524603304 -0.5348324445162308 0.4063281637402308 -0.34952721677673215 0.23087760697695356 0.1040970842180585 -0.08466620102820777
-2.268318650581391 -2.2553131796280272 0.34623159456285846 -1.0002432498512517 0.48685218514634093 -0.44535364790965914 0.36711620735758405 -0.3115792179874316 0.22340083164058247 0.11546363152165093 -0.10532645280091285
-2.1015662459863678 -1.7766549853984088 1.0739729314925017 -0.8911106788667961 -0.10169378343091484 -0.14824774575325045 0.3348877045417137 -0.3441663148264041 0.30255069508321836 0.1190756267221307 -0.24101862764716803
-2.032877567186384 -1.8096116000826026 0.9141516388616963 -0.921585144222705 0.0017085499196200882 -0.23628856179134905 0.3174034983536498 -0.2664810981692281 0.234034484304675 0.1307175806550513 -0.19574740928184978
-1.9261227854040077 -1.6485651506446102 1.0547186268087516 -0.8805164255991439 -0.12959574926010653 -0.19014255030586524 0.2902118383650684 -0.22962514280951607 0.2242726013321125 0.13757760992724466 -0.1973848283755676
-1.7957532417476805 -1.4253760091112606 1.3403132808978484 -0.8493870808869681 -0.3679512860466195 -0.04445448895536392 0.24320511290472685 -0.20941942752652187 0.2313977058149405 0.15029318725782964 -0.24330242352474024
-1.6591866326132148 -1.2063831234284426 1.549425245806648 -0.7960714144064156 -0.556717366696462 0.017735717458426992 0.21304585932681674 -0.1665311163094283 0.21860520087722143 0.1487359097498276 -0.2628211424120361
-1.5537342593502277 -1.0240409650537674 1.7761682784495856 -0.7713799462859123 -0.7590909191640198 0.10000879963276953 0.19857076084665426 -0.14788281104184714 0.21997393388134226 0.15317184018340463 -0.3102308269141605
-1.3955999624137614 -0.7203355895665062 2.126622946503167 -0.694332458016922 -1.0470241795128479 0.1952994659674217 0.14665181201967276 -0.07835891108932902 0.20865782810230102 0.17714626450252124 -0.3088303627913575
-0.2757264939646339 -0.10650340033042842 0.23930898123220945 0.029511957886602613 0.18178283556625383 -0.04130281470089171 -0.41344113692536166 0.14046644805245379 0.08386143576057413 -0.6773089355978157 0.05469821441259955
-2.359154293266101 -3.5036470076506134 -1.2716869951506031 0.0071713074205820865 -0.011276067044037028 0.3045907235925833 -0.4606347527771431 0.2154635549353645 -0.025061789848768595 0.10218597867147086 -0.0921240993550908
-2.179540028818277 -3.2317715883390465 -1.177635749855167 0.08758391843781521 -0.05801348246730852 0.2989132766967788 -0.4688276955738527 0.24200849148997217 -0.044648827127003 0.07387514948087023 -0.052330012112960116
-1.824654793301921 -2.249793788697063 -0.4192449262967586 -0.9400747533975091 1.092505244106463 0.01584113985709339 -0.184948870673756 -0.24121571103223804 0.20101250189829442 0.16686586034074874 0.03476185937060817
-1.903702134012365 -2.848403235930776 -0.9142302136004613 0.03879627608826576 -0.14673953959963099 0.31228995938547194 -0.4809452455159005 0.3000773605143555 -0.08532871683536701 0.08834509416780204 -0.028656806240684056
-1.7239130449366855 -2.5792285803168262 -0.7076094898167392 -0.01835668055792818 -0.1913900439520882 0.33952458730551427 -0.4814967660416043 0.3120375411599172 -0.0987470541490854 0.09917467016365791 -0.02606734798933235
-1.5310117623683253 -2.287010984614727 -0.45406000200864194 -0.04583283501105267 -0.29602400505093096 0.3436034486776903 -0.5126715193863682 0.3951175852381156 -0.14440485628409538 0.13488888589201922 0.022737686316167967
-1.2839349792621624 -1.5829263784984442 0.08726887498763936 -0.8349569262387221 0.5850306061960084 0.14965945669217068 -0.2783513804581827 -0.010079259135505553 0.06004028035869365 0.1951732087314549 0.05050549716392617
-1.2569086446351325 -1.9183279198015344 -0.18773510362072135 -0.18081977238380137 -0.31498142066121537 0.370686524884576 -0.5038310044802771 0.40935534547064856 -0.17557017273744444 0.1514941226526311 0.010608765253492252
-1.0989614809952484 -1.7049296336131268 -0.02632252451907461 -0.23331711404341487 -0.3579860432679221 0.38502062376894686 -0.512759464151746 0.4426632591612015 -0.20077557131910959 0.16678788485190577 0.021891890349492717
-0.961960877920978 -1.4658558483876758 0.16648345816217608 -0.29751079601278363 -0.3740463053090686 0.32344652976568605 -0.49918795410032046 0.48238180075729076 -0.2168378323435772 0.20696984274100574 0.06404097746398627
-0.7352060484957996 -1.025348542671033 0.4549794019057064 -0.3966808470691024 -0.2828673705106651 0.17207313730439083 -0.4633239651551776 0.5146395279373338 -0.24326787910937878 0.2312959872231603 0.14385933306260903
-0.2727059396033808 -0.1053366669283143 0.23668737684245975 0.029188657532611496 0.17979142397255682 -0.040850346766878785 -0.408911933324704 0.13892765308148886 0.08294274266770059 -0.6698890883792235 0.05409900130209619
-2.632717992251338 -3.286824037878455 -1.0065683611914191 0.24517274435965686 -0.24110202112237653 -0.4459181986407361 0.17298413487852837 0.11239003670789849 -0.00738855399696801 -0.06569736294991904 -0.02213979556481937
-2.4171961097331636 -3.034572443086496 -0.8802631081019763 0.2357249567316562 -0.2846367629768088 -0.41016670689614165 0.11093546965359828 0.18210918680453836 -0.04804052496290404 -0.04925478401825206 0.01043430405197116
-2.2388741055585726 -2.7797560609082836 -0.6774844820094673 0.16112050185034082 -0.32246028105444163 -0.382888995482323 0.09496812496098983 0.2022517011540088 -0.05863988852194605 -0.02712332675941312 0.007391104637094143
-2.066592488929068 -2.5432493450953313 -0.48617302887421987 0.09733779038536239 -0.3807721545428645 -0.32341665719761525 0.07892382718089332 0.20464750104048468 -0.06067922240792265 -0.01821456465632565 -0.023596820491197483
-1.8295398699672216 -2.1957049879093673 -0.20894082867774388 0.031354634249654414 -0.47058332826587074 -0.31462555574119644 0.06522356428228619 0.2504464676099466 -0.09024912042990145 -0.0038897690681358723 -0.03493955991953845
-1.6539683604901794 -1.9527284918340826 -0.019905210066188013 -0.030206392162061772 -0.5227341193601021 -0.28506732438005405 0.049301596121043914 0.27553352746391085 -0.10260603751683899 0.02283777080270029 -0.03617078575904114
-1.4435096291090095 -1.6791924029770307 0.18831510409140728 -0.11184078583996261 -0.5631409350110019 -0.24142973976392867 0.010972225776853499 0.31662001957338715 -0.12720683449953638 0.05361091066905729 -0.029890200990962977
-1.184275261346229 -1.293856794786144 0.5073511655013084 -0.19369571836185878 -0.647860886796085 -0.17334389967409314 -0.023592291773769265 0.3433633435633306 -0.1398338526035159 0.08350965109289799 -0.037135620982544665
-0.9008248881870229 -0.853413160013177 0.8713666309971125 -0.3359288440754319 -0.6638061130306793 -0.07615324394140693 -0.05933396865411535 0.3305773213672996 -0.12694699938860818 0.13073192185839178 -0.03627165008383164
-0.4957316080544329 -0.46577147157072524 0.9974459216712722 -0.4346088945084303 -0.5511145556052016 0.25862599945838827 -0.3383304205942157 0.35125779700220977 -0.111791527707211 0.2008288857193958 -0.030139739923471194
-0.20231335840030615 0.010737288167555063 1.3475910172881005 -0.5187553053514605 -0.5691667323947476 0.30714871956216294 -0.3566584837178388 0.37279024398570015 -0.12385902639376055 0.25326815804946523 0.05265544860461475
-0.26905170250899774 -0.1039251642810014 0.23351578551779753 0.028797531929531342 0.17738223372283948 -0.04030295549006594 -0.4034325471504818 0.1370660339907411 0.0818313167581403 -0.6609126298560316 0.053374079147431294
-2.488958089643668 -2.980682416337557 -1.0137770325846405 0.4430215068535499 -0.21650302502457022 -0.4569575017383072 0.1992956398857775 0.03104512953762196 0.05939246305797632 -0.13209061337211198 0.018086722130368667
-1.8890318741245595 -2.48136437328286 -0.9883948802995995 0.4115602309824858 -0.043473531904715625 0.13494819871957264 -0.3172504474365991 0.07362879669158884 0.09877629180139004 -0.033367338128284324 0.031137283124584532
-1.97151908342525 -2.20615312838294 -0.5299020594602339 0.3128410789309971 -0.22996968889993757 -0.4056752170554095 0.16144732277869736 0.048029030059092766 0.0530113560306907 -0.09542930999448443 0.05064303685968342
-1.6974558359677832 -1.7901639166987569 -0.22380390179969925 0.2004122290317791 -0.247269072801521 -0.3613283689164659 0.1469533696002113 0.04694150359236161 0.05572102086514449 -0.06507003420294943 0.05055287382070312
-1.3974958165629647 -1.352705431950204 0.12065325019382195 0.06715805798849563 -0.2913466904827492 -0.2782425583957552 0.12279287254323427 0.042786827826697856 0.05739402736409562 -0.03340889097537546 0.026391620476596246
-1.1424125199282538 -0.9984079787819748 0.3984427482148729 -0.044439756952646695 -0.3345849837279583 -0.215662388117654 0.0912562808674337 0.065030325375463 0.04843821537844654 0.010329490124180336 0.028532612489743932
-0.8477610296248586 -0.472595639632012 0.904460557515876 -0.2764017082562459 -0.3423790830073896 -0.13758892158715139 0.10086480411041461 0.008095100367699967 0.08849093038456261 0.05895653382739738 -0.0045137436444505985
-0.5794691995342787 -0.09655379677561118 1.2708459335543116 -0.281439134285943 -0.6058623269598762 0.02276806364628203 0.03707705929300094 0.0611956998001778 0.07376610999330661 0.0977790082274122 -0.04247729823392077
-0.2973063311682903 0.32292501871043394 1.6309978944022911 -0.38661060188446533 -0.6935826375969245 0.11619394447313731 -0.002762319161557324 0.07814230508269898 0.06544571930587753 0.12861047757240948 -0.06294855282946862
0.036890475267550016 0.8166542193085818 1.9843403278515312 -0.5154728583621743 -0.7173074212838424 0.16467137408122898 -0.01800347664910236 0.07496586673135303 0.0556812721207808 0.1301787561300004 -0.09770064337784051
0.5137390419846479 1.5421430047930855 2.4394189089234586 -0.5340281621855457 -0.8147497561469913 0.27339007561397877 -0.09764197889657009 0.1158378992332253 0.05040988807813775 0.17495323287701317 -0.03576286307302156
-0.26290497999763657 -0.10155090260257335 0.22818091224914602 0.028139627013367606 0.17332978075944208 -0.03938219906490676 -0.39421577618690573 0.13393464002884745 0.07996180843627876 -0.6458135002014139 0.052154701419064316
-2.770468415748266 -2.249243468822557 -0.6758816009400801 1.3200982922005828 0.10674506904907793 -0.32786396015355546 0.31361767041421174 -0.381064151018838 -0.21821387546720014 -0.0626630415246302 0.825064914303649
-2.460475107542563 -1.7679463148499717 -0.3219679273840169 1.2334550442463401 0.017075831370634117 -0.2499921782101927 0.3128312857993157 -0.41868765637500654 -0.15208420254875357 -0.0624364014040687 0.7562084939078779
-2.131001775860215 -1.2980761137660919 0.041272003210647286 1.0610218725688025 -0.01738763800657091 -0.1623505967282471 0.2989311228940806 -0.44724658097869907 -0.10664009907662496 -0.04089482001693004 0.6908833531903573
-1.8049908840611248 -0.8757388410509415 0.3760027557488176 0.880470484379597 -0.0783408986184061 -0.10371750557361038 0.28128780671368764 -0.43450475173295533 -0.08340847765140456 -0.0185460876044716 0.617489740789201
-1.4325421155438514 -0.35289185609914947 0.8115058676200232 0.6950838821311878 -0.18446386337686604 -0.02591191100343466 0.27121361148823325 -0.43388983866353203 -0.05038582523683275 0.004650991847860484 0.5309385734192291
-1.008791186892164 0.16841903624553853 1.2371544065098226 0.5051994023245004 -0.31397354164116337 0.06223368612902299 0.19639386920516683 -0.34833800382389085 -0.047337420196218824 0.05405854607428636 0.47771720384034405
-0.6160516973426899 0.6890676084707817 1.6506810049296963 0.3289705734592661 -0.4325563571956129 0.1601703162515115 0.16897715592088594 -0.3395551781490792 -0.0045303959140028825 0.07233066172072161 0.38346358718330203
-0.10979405708796931 1.3645781777177337 2.2021472803545277 0.08586108997471113 -0.582384644365648 0.19034649087931127 0.13606132131514787 -0.25927940957064327 0.01624223135759988 0.11614287639766321 0.3055055435341614
0.22555392028556165 1.8376354949241571 2.6143665720476315 -0.0428876742534769 -0.7307639386813559 0.33207431461459963 0.1065813378231369 -0.2757623096866349 0.05120176184985744 0.1185318578401404 0.19638662961740544
0.8373171293233993 2.324363138893516 2.959607499141779 -0.49091498578600906 -0.924128448008562 0.35410439165703944 0.06656700753547666 -0.16866529970433197 0.2440908484358348 0.08695787710644017 -0.175885299952866
0.9600693888784251 2.0279325373266466 2.4410312824019766 0.533863808320264 -1.8354840088864335 0.44729080825299994 -0.3504609343477443 0.6154166453922472 -0.3257576543568542 0.16736689567346932 0.2502041970476191
-0.25950421599650547 -0.10023730765333996 0.2252293156984488 0.027775631509923068 0.17108770197213288 -0.038872777125213885 -0.3891164630421094 0.13220215058601284 0.07892747565339317 -0.6374596862000619 0.05148006288206404
-2.607793037637562 -1.8415513720144217 -0.6890057059787822 1.6065598018547185 0.1412084440646554 -0.393562912551569 0.37671340497705513 -0.4972853159284709 -0.11486223141684919 -0.16131470009270635 0.8827249823818536
-2.212075834446327 -1.3007281879483448 -0.2791651785107391 1.4329753702854788 0.05172119524017751 -0.31823323803955134 0.3568935353075393 -0.4946454032967394 -0.06949017453563282 -0.14743181392485408 0.7956010808406238
-1.787713880967275 -0.7174512477682293 0.1849363327768746 1.216081248079589 -0.020484291712147693 -0.24485487826199354 0.32561030274794706 -0.47534636800565117 -0.04198619485689762 -0.11664728884719869 0.7263569986391927
-1.3865691265573425 -0.16249622096716043 0.654380719923135 0.994126434606487 -0.11357762885314591 -0.14011151330931046 0.3032185947862643 -0.48120505011014725 0.003684204670807397 -0.08296409370358465 0.6328696602350619
-0.882126189031249 0.4968381379148202 1.1833964090196922 0.7208963771260533 -0.22662782441930243 -0.04127598560173402 0.28105521082153745 -0.4730053403453822 0.050281827230833805 -0.06481348002811751 0.4953169059935619
-0.4477418524894848 1.0908794565432116 1.6799130427349427 0.5236554512550956 -0.3759804971603934 0.06325320067793275 0.2507410806792501 -0.45695348421684845 0.0993869197502007 -0.03838739058363662 0.38967825611088613
0.0052337262981105165 1.6800210409801184 2.165964259794811 0.2875518233263914 -0.4944747211866498 0.1261500928342031 0.21684221008818172 -0.40386200161811814 0.10945650706466119 -0.0035468313380920538 0.3025886470549295
0.4878430016929703 2.3335747124241353 2.7206436975235366 0.04328523638669494 -0.6384368572468851 0.2283392541058581 0.1844750420005264 -0.37612850682219234 0.14029888637987456 0.03264956313998056 0.19234690796377896
0.9449033146584837 2.9689131304042524 3.2234224787176773 -0.12587180179110352 -0.7968663003497076 0.30400383877121145 0.15382133419964672 -0.3422476412477492 0.1797310794039543 0.048776970249776036 0.09983756718208892
1.417346991862754 3.575256625971493 3.6889894015458884 -0.4111294089870258 -0.8236909734327041 0.3999313015077871 0.11158943880368656 -0.33291095487577005 0.22194114430363712 0.08414647915701831 0.006775662312575765
1.7787788169794143 3.1162130527798366 3.255020464362145 0.7580106135939075 -2.8193449530874264 0.5801637016930983 -0.3465687334989634 0.791296086999934 -0.26857328057307417 0.02043714796466431 -0.09096677943527942
-0.2552691030634199 -0.0986014331979282 0.22155356968345008 0.027322332761844616 0.16829554795439686 -0.038238372784167786 -0.382766076175453 0.1300446093854641 0.07763937799520335 -0.6270563339809869 0.05063990743691772
-2.886235704140917 -0.7324827761082426 0.27329038018976454 2.4495585315813924 -0.039543635696092753 -0.009886235431120338 0.08092696674629977 -0.22922578287936013 -0.22719042163259437 0.29596000751758256 -0.48680704930303076
-2.364492745821221 -0.3688113159601363 0.21144392215362467 2.279232195408153 0.08226637404215019 -0.05418360122183425 -0.0032138279624000666 -0.1118348818671907 -0.2816917215481715 0.27397874004685135 -0.3709136144535205
-1.9267073028377084 -0.0628537218286875 0.15899904245736904 2.0658136604631467 0.2212511958599278 -0.0899612956920033 -0.00480253812568006 -0.1147218385884318 -0.2602133130956842 0.22271811344257228 -0.33458027652631095
-1.4500300922491096 0.21391918293149265 0.12400843186101339 1.8020998657237537 0.31901318234134485 -0.12592633614803642 -0.049030288065948724 -0.03006948045635468 -0.29474469540309456 0.2144960354803097 -0.25412444964770364
-0.8653330438041069 0.6016135011636836 0.11975229298777014 1.4904292037723563 0.42905178669998933 -0.29493934453466286 -0.07235485935787435 0.12689559729840827 -0.38314681793390115 0.17444898860693056 -0.18828827929580996
-0.3959009824394773 0.9087050787938925 0.113013502009862 1.2117635809072052 0.5574741996762611 -0.376703906379116 -0.10287454793838306 0.21433157548739126 -0.4181504910012997 0.15683323106196012 -0.12705998303379815
0.03379433075776235 1.1834039891877184 0.09584161433160068 0.9546123710480645 0.676194214276662 -0.4215520699445458 -0.12085711303262733 0.26170135165215225 -0.43087287763090415 0.15193283179915615 -0.04783292504768848
0.5276160625247807 1.5138250824317145 0.08170385373933621 0.6267927219185769 0.8406104244529992 -0.4921004359629625 -0.10629639934739678 0.2718770012623835 -0.4103130096782825 0.12299240785426065 0.0022147989419293917
0.8843081731281964 1.788801344545878 0.14301886449967854 0.3497466243133454 0.8900751835671268 -0.7744633688332087 0.04928914803074562 0.3352304377254569 -0.44786040497383417 0.07018799408098969 0.06145079109458763
1.348101720362028 2.14022824188737 0.181406613962581 0.008749452776705845 1.0635643244950992 -0.9312343111411174 0.1056479762251157 0.3796005217238422 -0.452665619277436 0.041799971764110766 0.13020501312554084
2.048615964065527 1.6438746554353463 -0.6291032090010862 0.4434317560281107 0.015853642340683535 -0.40850699450657413 -0.5778996736909991 1.1778589223705445 -0.7344110627111318 -0.005150799211200679 -0.0011740342130718226
-0.2513769165185396 -0.09709801908712005 0.21817545688976084 0.026905738608168396 0.16572948077489721 -0.03765533755482521 -0.37692989406940086 0.12806176903067756 0.07645558043114513 -0.6174953640213894 0.04986778122189755
-2.7687013575877804 -0.610622526408506 0.19475591587136537 2.4883580122372533 0.021924822385213937 0.0268492908019352 0.09242075231254747 -0.3105145082577254 -0.16570810057231192 0.2357297683851413 -0.5028852263263575
-1.9795965885184683 -0.13532433086983744 -0.04762702141846508 2.3086936720746105 0.3068915272108816 0.35203780317295186 -0.2801413251891555 -0.2477205221942279 -0.1289779936563373 0.2316746599570902 -0.43643009446700065
-1.5504929665766025 0.1630818100040285 -0.016747776328492052 2.004743425083895 0.4105841826869285 0.17725153276755284 -0.22062179491581319 -0.17895044653179776 -0.15195827310158963 0.20725573543388345 -0.3633675315717728
-1.2120002514478543 0.4231130816555848 0.0715330318593857 1.6961831321141614 0.41497797664793784 -0.19243184063040736 0.032339305320633185 -0.12491414124056549 -0.2040222870850373 0.13094870463975058 -0.3007017691774736
-0.6479667970249078 0.7937168499301278 0.04554278610974878 1.355167032424966 0.5567831867928668 -0.3116138928085453 0.049454372805589945 -0.07215795831164039 -0.20094625309693537 0.08744892507351396 -0.25839258147377636
-0.09434289418602886 1.17402925536168 0.029226349192960556 1.0429368455296066 0.732712102412425 -0.3857545528775296 0.01412288751770084 -0.00523843699244122 -0.22874581716690068 0.06034186853246818 -0.18131559724356439
0.36738640735485845 1.48825028103955 0.050332392839903796 0.7330495174797286 0.8319320713741568 -0.5621490196508145 0.07114117375848346 0.07651870841843389 -0.27227470887240257 0.020313568350740746 -0.12808122482425516
0.9981682227111252 1.9078878248696547 0.0032346095472304045 0.37639765275460774 1.0405185011931954 -0.6042761969651659 0.022768797076508543 0.11762266219302941 -0.25902156797628345 -0.015374541256606894 -0.07420115296865143
1.3604506112666486 2.225701141481597 0.0925988745280682 0.0795045889228196 1.1033891963575306 -0.9627263974325088 0.24861050468712423 0.15802926065488598 -0.2991074976633848 -0.09261272343266855 -0.005684787916701122
1.8929314435847555 2.6554220891680744 0.1523496398499818 -0.3559323132251279 1.3753984044226242 -1.1067748836302407 0.3322311228216374 0.13880530404096603 -0.2627528820717089 -0.11661889943096812 0.0975365445502514
1.9228633104978856 1.8313563321747925 -0.5431988014413258 0.6759358838970702 -0.45009982270985005 -1.5102333647006208 0.20561282505421768 1.0883966230787288 -0.6575577586325329 -0.2486851888873978 -0.07345376101244616
-0.247578615351262 -0.09563086957973181 0.21487882924370336 0.02649919333035513 0.1632253109847758 -0.037086366009746304 -0.3712344894298104 0.12612675775943785 0.07530033783998585 -0.6081650189983293 0.04911427984934527
-2.680493212197649 -0.5011913963189335 0.1768797452968073 2.4752633576879832 0.08618112545553644 0.015117959579203966 0.11629807145694937 -0.361140151657639 -0.12550017733516086 0.21807238287536868 -0.47573044463270503
-2.1116791438452402 -0.3902235607131565 0.27869550226216144 1.703162253631266 0.2828686682112706 0.14575098147525092 -0.04084514732680118 -0.198989512293833 -0.23211460784773727 0.3186666993798072 -0.47281236567049045
-1.519413049349332 -0.016110811765270964 0.24244119404311892 1.3430773708840889 0.4756621461903683 0.1231239965644328 -0.08437226650768455 -0.15372745446822295 -0.23643576648966913 0.29037126680664027 -0.4092511979008391
-0.9289902230880072 0.34931542654454495 0.19097039063532806 1.0048328764782077 0.6479728058676856 0.10838608643040411 -0.12452250112073622 -0.11271800144297334 -0.23606254715286437 0.2643407955034733 -0.33284782749148933
-0.2654453687811525 0.7695198428697472 0.16588698214030892 0.5553666432578068 0.8630018141683842 0.04363322386405706 -0.12987724506012835 -0.08274670951403511 -0.22165119037311148 0.22704402461959136 -0.2872032342165486
0.3288472180506878 1.1774823577891709 0.14695198998171477 0.21402241463045418 1.0603508833402364 -0.02262609715565218 -0.16645424881730908 -0.017952548676340767 -0.24190726310089802 0.20417628701443113 -0.19477327880727038
1.005654716773963 1.6015356974181385 0.09829955486996256 -0.1876805161805176 1.3000949732376343 0.0011567458991542004 -0.25340297328095085 0.039186868550642746 -0.2565387584252011 0.18022895778012463 -0.11907076170866948
1.712707727832103 2.0598344104946795 0.07655681206242923 -0.6492085435818765 1.550516797913962 -0.046829639216807224 -0.29181075820739233 0.08699136086903037 -0.259733205982639 0.1466495298465132 -0.04940615223159755
2.307094848968946 2.4153171903747954 0.03561893337216405 -1.027271612638434 1.740121501669241 -0.049837877930349446 -0.34295831536211985 0.13124123284823297 -0.2580456028273097 0.12187786902786489 0.004020536107764711
2.998016883080929 2.8626543853966515 0.002185414774377786 -1.4861224336915322 2.021274041977356 -0.039542746563089766 -0.40393678645245856 0.15069933462690144 -0.22929664286512527 0.10000558109147364 0.07090807915111474
2.282856682989872 1.4872711581905156 -0.5223576502835156 -0.06607203890193943 -0.765694880955318 -1.5159168020872487 0.23003254168236847 1.3141801684506704 -0.7405303389845264 -0.1592288552497612 -0.20481512848247674
-0.2408686629530402 -0.09303905210078618 0.2090551165875629 0.02578100397629607 0.15880152799633437 -0.036081239819039705 -0.36117317719119874 0.12270843126339882 0.0732595247359968 -0.5916823420839573 0.04778316940834664
-0.9480496013026679 -0.17228279433166366 0.19239774136919804 0.5655745239865272 0.5235707065630794 0.6266769702233599 -0.05453266951155851 -0.8402793440340657 0.10950713848846623 -0.5439423443958827 0.2483145014838608
-1.8306516335976037 0.06945793975475328 0.2335025946594003 1.7346465119859211 0.5394771340751336 0.013536781775989704 0.07141690532538918 -0.37936774892863573 -0.08047386580658276 0.2296673447661066 -0.37866265228101953
-1.2002085684820736 0.4872766622849112 0.2523187327769137 1.2378392844072383 0.8020667712655969 -0.051828047898087766 0.08147236953019031 -0.38221960852966835 -0.051868971941667515 0.21245881398784175 -0.3093044740675882
-0.5357392466940086 0.9241312281845276 0.23521034268505567 0.791525803875677 1.04791432349379 -0.09687862207837557 0.06277476702961861 -0.36350875507301317 -0.03277000299034966 0.18906595287570196 -0.22337189250610182
0.1435778001844452 1.3988500105471167 0.2582123915436758 0.2712959123531566 1.297248156192512 -0.2626017304216772 0.13267308493148317 -0.36589970429265783 0.010828179727650057 0.1457916801155965 -0.17286146634017363
0.8298490486730781 1.9066850952399386 0.32066724542828806 -0.2946866077255779 1.6298173222186616 -0.3921061187562064 0.16399671246710096 -0.36937568911005203 0.04676512110021474 0.13506931903174027 -0.08260452425202666
1.511355907959622 2.3702168153989454 0.3193003836491015 -0.7517729996490244 1.884408996405347 -0.47695638282496094 0.14364802196105814 -0.32244450549434156 0.04768062172311279 0.10338535061677 -0.00884193824181539
2.2313935499435793 2.823292649615499 0.3540201155307716 -1.360260151193588 2.187063783530529 -0.5437435436249138 0.13444283099322185 -0.29935028395923124 0.06472167934969293 0.0854506294793021 0.03528695707374475
2.9535337275145666 3.32504897039559 0.31042926832956874 -1.7876814351591674 2.4545668057672647 -0.5987789359266641 0.12596767671703996 -0.30166422967642403 0.09726170535215008 0.032548922601249114 0.11877299206232517
3.637379004956339 3.835604903187709 0.35500711405174523 -2.3623822759022253 2.807267027518808 -0.70053330917707 0.18301503356233528 -0.36832540721807017 0.1820580129484192 0.01313972183494913 0.19404773583504586
2.199754116804188 0.9845095117714178 -1.201221995044353 -0.11137648296027605 -0.8728602515292151 -0.792117612509161 0.7124059382675387 -0.3355152988001456 0.11742880805191927 -0.6330890374123487 -1.0887759807522022
-0.2362322176223056 -0.0912481571234152 0.20503104551378626 0.025284749237127892 0.1557447808297855 -0.03538671736088699 -0.3542210080279515 0.12034643478698763 0.07184936296057202 -0.5802931360386357 0.04686339823523134
-3.9192642192948504 1.368216769541891 -0.32924654614689153 0.7685896433320542 0.6211789432954036 0.8472167480224237 1.7556341247778284 1.044066126852175 0.8093367684281283 -0.20375269926433234 -0.10740945350753311
-3.093423180670453 1.4268345088308507 -0.4436413242361893 0.7174204241281994 0.5081856461896687 0.71899960335177 1.4975498901865956 1.0806853035480248 0.7639253750550086 -0.1684156783346735 -0.05459195653915338
-2.3489678929601197 1.400787000411531 -0.5159651976067117 0.7233627073999641 0.4129361728183288 0.5865674166946989 1.2784868249745376 0.9375156700039344 0.7068792308967651 -0.1397187228940745 -0.021270685691043227
-1.4385629386187777 1.4015321558823566 -0.6906969629755727 0.5674874903578306 0.3785204525119739 0.7541334886523609 0.8671535352139234 0.8814233977672146 0.5449187798749502 -0.1048017987996434 -0.016086058807775604
-0.7312846548290477 1.3339667476702197 -0.7059476227034018 0.49103441630391276 0.1488600946918241 0.38075907009244647 0.7907848488369981 0.7701231444235908 0.4373360743056057 -0.10452119224846158 -0.03762111834601416
-0.05463214777915344 1.2261926485970147 -0.6816481839099974 0.4662216208690639 -0.04346461557516592 0.004383489369162168 0.6751614342660732 0.5611343359536799 0.25707428675335203 -0.10186391932555956 -0.09065670140765175
0.6099968050067549 1.1799953217973438 -0.6914998433541156 0.37634055551789025 -0.27325529892361367 -0.3545817028096604 0.6084486148541746 0.4946813861247905 0.12753023903962307 -0.08987641648063908 -0.07369592314419171
1.3638080813857922 1.056600800224298 -0.7119736686762485 0.29364834902041576 -0.5123359544563728 -0.7275130297035074 0.5201172706357919 0.3180076561610877 0.06138405078155564 -0.08147457116600718 -0.13552672007825317
2.0930404639473785 0.9566194123795303 -0.691209883800831 0.25929941816610835 -0.7255373523183812 -1.142983210178437 0.39920664523388755 0.1250310492428489 -0.12916999428367018 -0.08365693561186541 -0.1875599662085421
3.3671452544014744 1.2382150788872854 -1.2099156186098274 0.13545290054184148 -0.7712819727545193 -1.0137081067996114 -1.0107584454190126 -0.09611277458574452 0.43274309013696766 0.31378190459049404 -0.036069359383449566
3.5437450095799456 1.0124633786497848 -0.7585961245705763 0.21364392727218603 -1.203772694134829 -2.3056986730604976 -0.042017985685221956 0.7864310572528899 1.3341482836573078 0.4153970305579565 0.026671679943346745
-0.24186354484405434 -0.09342333981574825 0.20991859607537555 0.02588748961736587 0.15945744048628632 -0.03623026946723557 -0.36266496383169505 0.12321526513145789 0.073562115258195 -0.5941262218321789 0.04798053260768026
-5.589957369663753 2.827827005379409 -1.6427614434875508 -0.6908062030363017 -0.6640351466217799 0.4172983832012621 -0.04271805691934237 -0.26935297758990207 0.04701003691379071 0.08945046738151777 -0.0020247822957649647
-4.636493505602046 2.8324133876267954 -1.6908650826721483 -0.4277886682889006 -0.6222620662187786 0.327180957460374 -0.07200163552394455 -0.19094755996197754 0.2387368450190431 0.0772613759169242 0.0990152178388593
-3.564960763462005 2.7224197959393184 -1.7334586862269927 -0.2866542589321334 -0.5710788678922898 0.3184758428007507 -0.2138191394793881 -0.19713909667855056 0.35859636629059294 0.06415856695291683 0.09846931591751135
-2.5349789422041233 2.4958164285051834 -1.6628801291880282 -0.2245313200443742 -0.6107771051082983 0.14243617598512992 -0.27406404626484077 -0.17997921254509042 0.3943875021756203 0.09912675008337114 0.11131195136820157
-0.916920578377112 1.936245905910764 -1.3774136579327283 0.022811207721452093 -0.6287506048294619 -0.34912810515722487 -0.7189517681780352 -0.8163112455480436 -0.17233519007985112 0.1316154450656929 -0.05024399103780996
-0.135282059901616 2.050406129909307 -1.525168861404972 -0.01122317484391573 -0.6080441381952633 -0.2120215239007051 -0.6271351092842669 -0.10931488755058524 0.5021201678378826 0.20948926129926274 0.11798961625586385
0.9277751265701197 1.699931532148357 -1.4450345491817946 -0.09232424840006458 -0.6323845581314287 -0.2629857148478906 -0.7402362489694325 -0.0652420583534028 0.5929639818429364 0.2781427429458669 0.06169395963376851
2.292568334536839 1.4100795204244352 -1.3938940319945887 0.04123920413900013 -0.5927290906116714 -0.347028790022373 -0.8520818863868105 -0.10036314091201509 0.6283489528642083 0.268811337784841 0.012156927726720673
3.499414200757964 1.0964496497669447 -1.3036690215636428 0.2100272348414636 -0.5811453327750541 -0.5274094576619761 -1.022532197886836 -0.25404656519329627 0.6367562257182492 0.3198400477872645 -0.017730587503568145
4.753853221285664 0.7229228928279109 -1.1620809056263353 0.3659545168313408 -0.5687374640925476 -0.7480506304924559 -1.2378305350454566 -0.3546174923602524 0.7453566731661052 0.4356650513693153 0.011270803450656014
4.459303162054979 0.34044670375475167 -0.6403177425378161 0.26453913381231564 -1.2561386331577737 -2.333507944936278 0.3107226981832648 0.7162286630255701 2.0730736387481654 0.5388789081326064 0.003766143879957446
-0.2310096157634257 -0.08923085059423536 0.2004982365252155 0.024725756142552346 0.15230158840641775 -0.034604390810644356 -0.346389919984157 0.1176858259997773 0.07026092332971201 -0.5674640645365594 0.045827346196266626
-5.181127027282732 2.7092295261887327 -1.5820309301572666 -0.5926996130551475 -0.5955456441360196 0.46836876245445574 0.04742394263818199 -0.2642900662279195 -0.0685227502662457 0.02951138815509577 0.003476722521601811
-3.9146981053974717 2.6185382803568045 -1.6292341452752417 -0.33894044742090734 -0.5975560452286043 0.33994343507701386 0.15846399622604634 -0.22139191893990456 0.07100321263601568 -0.06484198772357243 0.011629262215697883
-2.9668131568486893 2.3732768403269553 -1.547517159737768 -0.25623100522499076 -0.578596678821114 0.3373374781443197 0.1195148297458221 -0.26784470812201555 -0.022578981303242995 -0.026485228529794416 0.14560336514199634
-1.7334144531079443 2.0022236683679195 -1.4062460918369803 -0.13627128156930685 -0.5616179702908904 0.1984835508916883 0.09458243740371232 -0.252709091943563 0.05293426238647115 0.02508398276179271 0.15585059012787728
-0.09498230580260096 1.5019276033069853 -1.2358944471485263 0.045428940956932826 -0.4859805398640263 0.13129372957552582 0.013984738915215388 -0.3194759654273582 0.06775447481372361 0.0761709096610518 0.20252528357552374
1.157140061586853 1.2527285306563936 -1.1592736524028098 0.16954195759226542 -0.4228152023398378 0.08554501984417569 -0.14879911488702507 -0.2773905454719191 0.05802712321599112 0.11949598361801067 0.2407346316581526
2.393770571941335 0.9173410778436605 -1.0253862340945772 0.33337590690862445 -0.4018457946523743 -0.07780682429822021 -0.16515784524846597 -0.2945208374750006 0.11303942456352441 0.1504182802908191 0.2653001164542148
3.771417708003665 0.48076903987724334 -0.8683894417942122 0.4354724348581773 -0.43797770122239904 -0.31260742240605677 -0.17080514006520237 -0.3461878756043537 0.13611457185273293 0.18010713853322766 0.23750613340495347
5.231142637988309 0.001885155312330242 -0.6906336118294893 0.6337444429279668 -0.3668667349163582 -0.476279555890927 -0.2907460950865591 -0.5151572563092736 0.05672126276582309 0.17666198837878233 0.12118574899357887
6.566237331869267 -0.3913028642002599 -0.5216033097300385 0.8349708837284576 -0.3185822180107854 -0.6414142316557869 -0.3081351946056264 -0.5218559764222828 0.14558621964811994 0.2217644425096224 0.166429313510696
8.35694564074017 -0.9660490499523569 -0.25157746806624787 1.12194724990677 -0.21259743399587958 -0.9703393812796466 -0.36537257583409866 -0.3287210140141068 0.5607105375965269 0.31482956850170074 0.055434959929420054
-0.2218793037169107 -0.0857041337196631 0.1925738414380175 0.023748507345261023 0.14628209427092453 -0.033236703646468906 -0.3326993727367145 0.11303446847390605 0.06748396466261698 -0.5450358899894512 0.04401608838497238
-4.991813319848616 1.9735757030608778 -1.18959569392978 -1.2691507936579958 -0.6204063974193863 0.6622881142288322 -0.07364402498315258 -0.039160009576731596 -0.3467788314193815 0.26128402219875874 -0.12308691840273928
-3.7844896866528357 1.8963080589734362 -1.230107083260979 -0.8746015804358178 -0.5345052948460454 0.6541329088408868 -0.005038566423874001 -0.07689440411370196 -0.18614958316681005 0.22498172362207405 0.05466873253592353
-2.546657004921971 1.6284107088469362 -1.160048119111128 -0.7695965847123982 -0.4346149266731751 0.7656471665694969 -0.04538873783751213 0.012209219633262386 -0.23719613901504108 0.22822832185547556 0.12968080909015126
-1.2951230407546712 1.3234823387484504 -1.0724055741819227 -0.6879873532961531 -0.4039200773415911 0.7368884025869091 0.002569704672190162 0.10670966475372745 -0.2208014766300559 0.21329851225748137 0.1560688382517061
0.36515174520801247 0.8114424232223143 -0.8734806963974353 -0.4943386931181333 -0.2641956637964236 0.7724366796618799 0.04889340371525728 0.1906213245222409 -0.21353923575433179 0.21932593456039026 0.20814836787065866
1.7627655302573306 0.47223118841660033 -0.788260099018294 -0.357765394645752 -0.14990589997792358 0.8594760410139785 -0.08937898562714144 0.15943605054386656 -0.2849369514304575 0.2386905327164718 0.2609523117525591
3.2992804268215576 0.04122893876082634 -0.6691212417011003 -0.22888124797326728 -0.090273441714486 0.814685276145259 -0.12867366987846246 0.21318125022541207 -0.1608611337110001 0.2764756586280953 0.2678967711216438
4.473318021902752 -0.639611812948062 -0.7358861837797194 -0.04731029444033572 0.04627425499419618 1.1463938782310341 0.15223694095940224 -0.44182941983713936 0.2728195807061493 0.0541370613450674 -0.17822408754933694
6.517674462398363 -0.967440484230679 -0.36980528088811176 -0.0025884029243750223 -0.022736176048106464 0.5810003695571662 -0.08599410861457292 0.12672281099148242 -0.21555461805804485 0.18124319402905534 0.013020577413650375
8.193388155948659 -1.507681113984944 -0.14647198469965989 0.21644692609844543 0.09456103419939496 0.5140258903508911 -0.06527860852295501 0.10958569238054383 -0.21065028227273727 0.1801452734272094 0.0152967875287986
10.22067015880105 -2.193787082955438 0.09162196488219171 0.44947205503149174 0.15244505246975515 0.34211700208598506 -0.03128263186822759 0.014904451469601293 -0.11419358295607161 0.2171684225730641 -0.01529997381480241
-0.2077851435942106 -0.08026005775770048 0.18034121536067138 0.02223996076343885 0.1369900006632719 -0.03112545029702746 -0.31156572866301646 0.10585432200973581 0.06319726559814237 -0.5104142602229782 0.04122010972774605
-4.536975153572187 2.0463160123808004 -1.2924555049242237 -0.9670620414399661 -0.5604824858020037 0.6763121650266376 0.041559817161951576 -0.19202136905982214 -0.3242337176473262 0.11909043276452994 -0.1144675230045431
-3.2431863995548404 1.7381040144345774 -1.2376060379542335 -0.8841400654436704 -0.5347519631026247 0.7156215547204706 0.1615949799456941 -0.08270402485475792 -0.20707451006910924 0.10822881729173445 -0.044041232205800245
-1.8933958096438321 1.3714196331547468 -1.1560677240610584 -0.7786256003306177 -0.45700624334864093 0.7823135895703782 0.14605069889285846 -0.06749090308784417 -0.18347325852747226 0.10636206043061193 -0.026240591240417964
-0.5081583229571001 0.992960961856202 -1.0906345946083833 -0.745697338522355 -0.4714783662150341 0.771403870671613 0.21571950931510026 -0.07996739081024769 -0.21775058484798868 0.0678303487410889 -0.016369273561737528
1.3352541377551517 0.4075539247740758 -0.8779004238838766 -0.5368150589942962 -0.35661709292135596 0.7528478436073602 0.2622814594528387 -0.051667992231066336 -0.1536534858839275 0.09210802949109438 0.04902000720528892
2.8801017936520816 0.005188164454453023 -0.8096225830907737 -0.43347694596856007 -0.24981353210001572 0.8726058967312331 0.20055266801763155 -0.049972265473474435 -0.17255100261884768 0.06836074233663417 0.044644017656000574
4.633772605037932 -0.5687245271175203 -0.6269616583475563 -0.20875148140236188 -0.07832799227092205 0.948972762618933 0.18815734266403933 -0.01614352046102068 -0.008905029225871977 0.10527034981385439 0.058374245854972674
6.42858784813496 -1.143712437977687 -0.4598837853745933 -0.06909087078938436 -0.04026830261934474 0.896918168614543 0.2977738401636493 -0.06553303874146787 -0.015212402903106196 0.07441083060233622 0.04052607674950632
8.132793109501838 -1.687932409812444 -0.27527332475235006 0.11359299973547124 0.06009829326147082 0.8615190987368915 0.35916663321604464 -0.09087723993431396 -0.03748250261212963 0.03053193775811991 -0.037266362003042224
10.097194371640315 -2.3701731122973593 -0.059032739426767504 0.3043508633061272 0.1630990261565087 0.8362861450185406 0.3902795809871783 -0.21117210923712593 -0.08846294090642513 0.0044461446657077805 -0.095735789914002
12.264384472420568 -3.0824855122284025 0.2600587753107782 0.5955915883410349 0.27748919428805363 0.5956036232847798 0.36092115985250584 -0.2717237442490996 -0.1133935659534586 0.01642433791574907 -0.17618146979088556
-4.214372078095685 1.9317758676819083 -1.29544419106729 -0.9679485096348065 -0.55229105421582 0.7533219546923621 0.12315666496984636 -0.25095124282343406 -0.388379519422748 0.06276980175616992 -0.13966190131923228
-2.7550501617718455 1.6205928698437535 -1.293673279564211 -0.9167132489999248 -0.5106899943264 0.8979082117413616 0.22145549168819567 -0.10334066580414103 -0.245498302674145 0.04090183475174913 -0.0655631088044028
-1.3014116703971932 1.2415102545798709 -1.2149672219588041 -0.8260894731071036 -0.43614821623601935 0.9979265471569176 0.2936979623488498 -0.02958007889420205 -0.23631380055140333 0.0025980360156269014 -0.03560764053904108
0.3163904705855394 0.7928059807748096 -1.138528986769101 -0.7852279735906971 -0.41022875973398715 1.0788262329426987 0.3623100750933378 0.0393333279112188 -0.20803969100643846 -0.002367109143726876 0.05886658033486595
2.4039644648225615 0.14494591590786898 -0.9424272522937798 -0.5817320316875217 -0.257534711931933 1.1452811688918316 0.40453354089098315 0.0586444366360284 -0.17329165974883728 -0.030768045056960954 0.053505037198707986
4.269921088579822 -0.2972507574147775 -0.8667955838314305 -0.4452997908104307 -0.10620247156561968 1.3100558161362195 0.29019291817564186 0.1488836812841826 -0.1347438365509703 -0.0285695330234933 0.0794979359841676
6.2048950448829014 -0.8838406841047072 -0.6752485784684975 -0.24380385674299165 0.04399020957034789 1.3601223940897305 0.3406583392235325 0.29183618950563706 0.03184375821866433 -0.006638143574750315 0.12944569972275488
8.068209809331018 -1.450143503280855 -0.5119694326604292 -0.0897395834051167 0.08422843966281336 1.2914930267544984 0.37460675887967343 0.19887194429033073 0.0006013777895256998 -0.021675808403127828 0.1218185908716164
10.048066597355504 -2.0619364444491217 -0.3165123096442113 0.0745801011079146 0.17645175325965784 1.2483340417275448 0.47427116997290336 0.24007828182784618 -0.012084842159699275 -0.08509607977639069 0.036536047407429
12.083054928289382 -2.7057073257511046 -0.1267941117864234 0.279898221905704 0.34437683571047756 1.3572839259329816 0.4153996995997097 0.15368784415202508 -0.0749422243791391 -0.09332085141032656 0.04796858007681149
7.826272094415296 -0.325023819190623 -1.6542414711353015 -2.7050521267780976 -3.938529598301985 -3.3222580533148856 1.3549700452624414 -1.5899789713828638 -1.5928937940474488 -0.7280564310935409 -0.5139247217161307
